00000000001000011000000000000000
00000001011001001000000000000000
00000010011010001000000000000000
00000011001011011000000000000000
00001000100000010000000000000000
00001001010001100000000000000000
00001010010010100000000000000000
00001011100011010000000000000000
00000000111000101000000000000000
00000001101001111000000000000000
00000010101010111000000000000000
00000011111011101000000000000000
00001000110001000000000000000000
00001010000001110000000000000000
00001011000010110000000000000000
00001011110100000000000000000000
00010000001000010000000000000000
00011001010001001000000000000000
00011010010010001000000000000000
00010011001011010000000000000000
00010000100000011000000000000000
00011001011001100000000000000000
00011010011010100000000000000000
00010011100011011000000000000000
00011000110000101000000000000000
00010001101001110000000000000000
00010010101010110000000000000000
00011011110011101000000000000000
00011000111001000000000000000000
00010010000001111000000000000000
00010011000010111000000000000000
00011011111100000000000000000000
00000000001000010000000000000000
00000001010001001000000000000000
00000010010010001000000000000000
00000011001011010000000000000000
00001000100000011000000000000000
00001001011001100000000000000000
00001010011010100000000000000000
00001011100011011000000000000000
00000000110000101000000000000000
00000001101001110000000000000000
00000010101010110000000000000000
00000011110011101000000000000000
00001000111001000000000000000000
00001010000001111000000000000000
00001011000010111000000000000000
00001011111100000000000000000000
00010000001000011000000000000000
00011001011001001000000000000000
00011010011010001000000000000000
00010011001011011000000000000000
00011000100000010000000000000000
00010001010001100000000000000000
00010010010010100000000000000000
00011011100011010000000000000000
00010000111000101000000000000000
00011001101001111000000000000000
00011010101010111000000000000000
00010011111011101000000000000000
00011000110001000000000000000000
00010010000001110000000000000000
00010011000010110000000000000000
00011011110100000000000000000000
00010000001000010000000000000000
00011001010001001000000000000000
00011010010010001000000000000000
00010011001011010000000000000000
00010000110000101000000000000000
00011001101001110000000000000000
00011010101010110000000000000000
00010011110011101000000000000000
00011000100000011000000000000000
00010001011001100000000000000000
00010010011010100000000000000000
00011011100011011000000000000000
00011000111001000000000000000000
00010010000001111000000000000000
00010011000010111000000000000000
00011011111100000000000000000000
00000000001000010000000000000000
00000001010001001000000000000000
00000010010010001000000000000000
00000011001011010000000000000000
00001000110000101000000000000000
00001001101001110000000000000000
00001010101010110000000000000000
00001011110011101000000000000000
00000000100000011000000000000000
00000001011001100000000000000000
00000010011010100000000000000000
00000011100011011000000000000000
00001000111001000000000000000000
00001010000001111000000000000000
00001011000010111000000000000000
00001011111100000000000000000000
00010000001000101000000000000000
00010001101001001000000000000000
00011010101010001000000000000000
00011011001011101000000000000000
00011000110000010000000000000000
00011001010001110000000000000000
00010010010010110000000000000000
00010011110011010000000000000000
00011000111000011000000000000000
00011001011001111000000000000000
00010010011010111000000000000000
00010011111011011000000000000000
00010000100001000000000000000000
00010010000001100000000000000000
00011011000010100000000000000000
00011011100100000000000000000000
00010000001000011000000000000000
00010001011001001000000000000000
00011010011010001000000000000000
00011011001011011000000000000000
00011000100000010000000000000000
00011001010001100000000000000000
00010010010010100000000000000000
00010011100011010000000000000000
00011000111000101000000000000000
00011001101001111000000000000000
00010010101010111000000000000000
00010011111011101000000000000000
00010000110001000000000000000000
00010010000001110000000000000000
00011011000010110000000000000000
00011011110100000000000000000000
00010000001000010000000000000000
00010001010001001000000000000000
00011010010010001000000000000000
00011011001011010000000000000000
00011000100000011000000000000000
00011001011001100000000000000000
00010010011010100000000000000000
00010011100011011000000000000000
00011000110000101000000000000000
00011001101001110000000000000000
00010010101010110000000000000000
00010011110011101000000000000000
00010000111001000000000000000000
00010010000001111000000000000000
00011011000010111000000000000000
00011011111100000000000000000000
00000000001000010000000000000000
00001001010001001000000000000000
00000010010010001000000000000000
00001011001011010000000000000000
00000000100000011000000000000000
00001001011001100000000000000000
00000010011010100000000000000000
00001011100011011000000000000000
00000000110000101000000000000000
00001001101001110000000000000000
00000010101010110000000000000000
00001011110011101000000000000000
00000000111001000000000000000000
00001010000001111000000000000000
00000011000010111000000000000000
00001011111100000000000000000000
00010000001001001000000000000000
00011001010000010000000000000000
00011010010011010000000000000000
00010011001010001000000000000000
00010000100001100000000000000000
00011001011000011000000000000000
00011010011011011000000000000000
00010011100010100000000000000000
00010000110001110000000000000000
00011001101000101000000000000000
00011010101011101000000000000000
00010011110010110000000000000000
00010000111001111000000000000000
00011010000001000000000000000000
00011011000100000000000000000000
00010011111010111000000000000000
00010000001000101000000000000000
00011001101001001000000000000000
00010010101010001000000000000000
00011011001011101000000000000000
00011000110000010000000000000000
00010001010001110000000000000000
00011010010010110000000000000000
00010011110011010000000000000000
00011000111000011000000000000000
00010001011001111000000000000000
00011010011010111000000000000000
00010011111011011000000000000000
00010000100001000000000000000000
00011010000001100000000000000000
00010011000010100000000000000000
00011011100100000000000000000000
00010000001000011000000000000000
00011001011001001000000000000000
00010010011010001000000000000000
00011011001011011000000000000000
00011000100000010000000000000000
00010001010001100000000000000000
00011010010010100000000000000000
00010011100011010000000000000000
00011000111000101000000000000000
00010001101001111000000000000000
00011010101010111000000000000000
00010011111011101000000000000000
00010000110001000000000000000000
00011010000001110000000000000000
00010011000010110000000000000000
00011011110100000000000000000000
00010000001000010000000000000000
00011001010001001000000000000000
00010010010010001000000000000000
00011011001011010000000000000000
00011000100000011000000000000000
00010001011001100000000000000000
00011010011010100000000000000000
00010011100011011000000000000000
00011000110000101000000000000000
00010001101001110000000000000000
00011010101010110000000000000000
00010011110011101000000000000000
00010000111001000000000000000000
00011010000001111000000000000000
00010011000010111000000000000000
00011011111100000000000000000000
00000000001000010000000000000000
00000001010001001000000000000000
00001010010010001000000000000000
00001011001011010000000000000000
00000000100000011000000000000000
00000001011001100000000000000000
00001010011010100000000000000000
00001011100011011000000000000000
00000000110000101000000000000000
00000001101001110000000000000000
00001010101010110000000000000000
00001011110011101000000000000000
00000000111001000000000000000000
00000010000001111000000000000000
00001011000010111000000000000000
00001011111100000000000000000000
00010000001010001000000000000000
00010001010011010000000000000000
00011010010000010000000000000000
00011011001001001000000000000000
00010000100010100000000000000000
00010001011011011000000000000000
00011010011000011000000000000000
00011011100001100000000000000000
00010000110010110000000000000000
00010001101011101000000000000000
00011010101000101000000000000000
00011011110001110000000000000000
00010000111010111000000000000000
00010010000100000000000000000000
00011011000001000000000000000000
00011011111001111000000000000000
00010000001001001000000000000000
00011001010000010000000000000000
00010010010011010000000000000000
00011011001010001000000000000000
00010000100001100000000000000000
00011001011000011000000000000000
00010010011011011000000000000000
00011011100010100000000000000000
00010000110001110000000000000000
00011001101000101000000000000000
00010010101011101000000000000000
00011011110010110000000000000000
00010000111001111000000000000000
00011010000001000000000000000000
00010011000100000000000000000000
00011011111010111000000000000000
00010000001000101000000000000000
00011001101001001000000000000000
00011010101010001000000000000000
00010011001011101000000000000000
00011000110000010000000000000000
00010001010001110000000000000000
00010010010010110000000000000000
00011011110011010000000000000000
00011000111000011000000000000000
00010001011001111000000000000000
00010010011010111000000000000000
00011011111011011000000000000000
00010000100001000000000000000000
00011010000001100000000000000000
00011011000010100000000000000000
00010011100100000000000000000000
00010000001000011000000000000000
00011001011001001000000000000000
00011010011010001000000000000000
00010011001011011000000000000000
00011000100000010000000000000000
00010001010001100000000000000000
00010010010010100000000000000000
00011011100011010000000000000000
00011000111000101000000000000000
00010001101001111000000000000000
00010010101010111000000000000000
00011011111011101000000000000000
00010000110001000000000000000000
00011010000001110000000000000000
00011011000010110000000000000000
00010011110100000000000000000000
00010000001000010000000000000000
00011001010001001000000000000000
00011010010010001000000000000000
00010011001011010000000000000000
00011000100000011000000000000000
00010001011001100000000000000000
00010010011010100000000000000000
00011011100011011000000000000000
00011000110000101000000000000000
00010001101001110000000000000000
00010010101010110000000000000000
00011011110011101000000000000000
00010000111001000000000000000000
00011010000001111000000000000000
00011011000010111000000000000000
00010011111100000000000000000000
00000000001000011000000000000000
00000001011001001000000000000000
00000010011010001000000000000000
00000011001011011000000000000000
00000000100000010000000000000000
00000001010001100000000000000000
00000010010010100000000000000000
00000011100011010000000000000000
00000000111000101000000000000000
00000001101001111000000000000000
00000010101010111000000000000000
00000011111011101000000000000000
00000000110001000000000000000000
00000010000001110000000000000000
00000011000010110000000000000000
00000011110100000000000000000000
10000000000000000000000000000000
10000000000000000000000000000000
10000000000000000000000000000000
10000000000000000000000000000000
10000000000000000000000000000000
10000000000000000000000000000000
10000000000000000000000000000000
10000000000000000000000000000000
10000000000000000000000000000000
10000000000000000000000000000000
10000000000000000000000000000000
10000000000000000000000000000000
10000000000000000000000000000000
10000000000000000000000000000000
10000000000000000000000000000000
10000000000000000000000000000000
10000000000000000000000000000000
10000000000000000000000000000000
10000000000000000000000000000000
10000000000000000000000000000000
10000000000000000000000000000000
10000000000000000000000000000000
10000000000000000000000000000000
10000000000000000000000000000000
10000000000000000000000000000000
10000000000000000000000000000000
10000000000000000000000000000000
10000000000000000000000000000000
10000000000000000000000000000000
10000000000000000000000000000000
10000000000000000000000000000000
10000000000000000000000000000000
10000000000000000000000000000000
10000000000000000000000000000000
10000000000000000000000000000000
10000000000000000000000000000000
10000000000000000000000000000000
10000000000000000000000000000000
10000000000000000000000000000000
10000000000000000000000000000000
10000000000000000000000000000000
10000000000000000000000000000000
10000000000000000000000000000000
10000000000000000000000000000000
10000000000000000000000000000000
10000000000000000000000000000000
10000000000000000000000000000000
10000000000000000000000000000000
10000000000000000000000000000000
10000000000000000000000000000000
10000000000000000000000000000000
10000000000000000000000000000000
10000000000000000000000000000000
10000000000000000000000000000000
10000000000000000000000000000000
10000000000000000000000000000000
10000000000000000000000000000000
10000000000000000000000000000000
10000000000000000000000000000000
10000000000000000000000000000000
10000000000000000000000000000000
10000000000000000000000000000000
10000000000000000000000000000000
10000000000000000000000000000000
10000000000000000000000000000000
10000000000000000000000000000000
10000000000000000000000000000000
10000000000000000000000000000000
10000000000000000000000000000000
10000000000000000000000000000000
10000000000000000000000000000000
10000000000000000000000000000000
10000000000000000000000000000000
10000000000000000000000000000000
10000000000000000000000000000000
10000000000000000000000000000000
10000000000000000000000000000000
10000000000000000000000000000000
10000000000000000000000000000000
10000000000000000000000000000000
10000000000000000000000000000000
10000000000000000000000000000000
10000000000000000000000000000000
10000000000000000000000000000000
10000000000000000000000000000000
10000000000000000000000000000000
10000000000000000000000000000000
10000000000000000000000000000000
10000000000000000000000000000000
10000000000000000000000000000000
10000000000000000000000000000000
10000000000000000000000000000000
10000000000000000000000000000000
10000000000000000000000000000000
10000000000000000000000000000000
10000000000000000000000000000000
10000000000000000000000000000000
10000000000000000000000000000000
10000000000000000000000000000000
10000000000000000000000000000000
10000000000000000000000000000000
10000000000000000000000000000000
10000000000000000000000000000000
10000000000000000000000000000000
10000000000000000000000000000000
10000000000000000000000000000000
10000000000000000000000000000000
10000000000000000000000000000000
10000000000000000000000000000000
10000000000000000000000000000000
10000000000000000000000000000000
10000000000000000000000000000000
10000000000000000000000000000000
10000000000000000000000000000000
10000000000000000000000000000000
10000000000000000000000000000000
10000000000000000000000000000000
10000000000000000000000000000000
10000000000000000000000000000000
10000000000000000000000000000000
10000000000000000000000000000000
10000000000000000000000000000000
10000000000000000000000000000000
10000000000000000000000000000000
10000000000000000000000000000000
10000000000000000000000000000000
10000000000000000000000000000000
10000000000000000000000000000000
10000000000000000000000000000000
10000000000000000000000000000000
10000000000000000000000000000000
10000000000000000000000000000000
10000000000000000000000000000000
10000000000000000000000000000000
10000000000000000000000000000000
10000000000000000000000000000000
10000000000000000000000000000000
10000000000000000000000000000000
10000000000000000000000000000000
10000000000000000000000000000000
10000000000000000000000000000000
10000000000000000000000000000000
10000000000000000000000000000000
10000000000000000000000000000000
10000000000000000000000000000000
10000000000000000000000000000000
10000000000000000000000000000000
10000000000000000000000000000000
10000000000000000000000000000000
10000000000000000000000000000000
10000000000000000000000000000000
10000000000000000000000000000000
10000000000000000000000000000000
10000000000000000000000000000000
10000000000000000000000000000000
10000000000000000000000000000000
10000000000000000000000000000000
10000000000000000000000000000000
10000000000000000000000000000000
10000000000000000000000000000000
10000000000000000000000000000000
10000000000000000000000000000000
10000000000000000000000000000000
10000000000000000000000000000000
10000000000000000000000000000000
10000000000000000000000000000000
10000000000000000000000000000000
10000000000000000000000000000000
10000000000000000000000000000000
10000000000000000000000000000000
10000000000000000000000000000000
10000000000000000000000000000000
10000000000000000000000000000000
10000000000000000000000000000000
10000000000000000000000000000000
10000000000000000000000000000000
10000000000000000000000000000000
10000000000000000000000000000000
10000000000000000000000000000000
10000000000000000000000000000000
10000000000000000000000000000000
10000000000000000000000000000000
10000000000000000000000000000000
10000000000000000000000000000000
10000000000000000000000000000000
10000000000000000000000000000000
10000000000000000000000000000000
10000000000000000000000000000000
10000000000000000000000000000000
10000000000000000000000000000000
10000000000000000000000000000000
10000000000000000000000000000000
10000000000000000000000000000000
10000000000000000000000000000000
10000000000000000000000000000000
10000000000000000000000000000000
10000000000000000000000000000000
10000000000000000000000000000000
10000000000000000000000000000000
10000000000000000000000000000000
10000000000000000000000000000000
10000000000000000000000000000000
10000000000000000000000000000000
10000000000000000000000000000000
10000000000000000000000000000000
10000000000000000000000000000000
10000000000000000000000000000000
10000000000000000000000000000000
10000000000000000000000000000000
10000000000000000000000000000000
10000000000000000000000000000000
10000000000000000000000000000000
10000000000000000000000000000000
10000000000000000000000000000000
10000000000000000000000000000000
10000000000000000000000000000000
10000000000000000000000000000000
10000000000000000000000000000000
10000000000000000000000000000000
10000000000000000000000000000000
10000000000000000000000000000000
10000000000000000000000000000000
10000000000000000000000000000000
10000000000000000000000000000000
10000000000000000000000000000000
10000000000000000000000000000000
10000000000000000000000000000000
10000000000000000000000000000000
10000000000000000000000000000000
10000000000000000000000000000000
10000000000000000000000000000000
10000000000000000000000000000000
10000000000000000000000000000000
10000000000000000000000000000000
10000000000000000000000000000000
10000000000000000000000000000000
10000000000000000000000000000000
10000000000000000000000000000000
10000000000000000000000000000000
10000000000000000000000000000000
10000000000000000000000000000000
10000000000000000000000000000000
10000000000000000000000000000000
10000000000000000000000000000000
10000000000000000000000000000000
10000000000000000000000000000000
10000000000000000000000000000000
10000000000000000000000000000000
10000000000000000000000000000000
10000000000000000000000000000000
10000000000000000000000000000000
10000000000000000000000000000000
10000000000000000000000000000000
10000000000000000000000000000000
10000000000000000000000000000000
10000000000000000000000000000000
10000000000000000000000000000000
10000000000000000000000000000000
10000000000000000000000000000000
10000000000000000000000000000000
10000000000000000000000000000000
10000000000000000000000000000000
10000000000000000000000000000000
10000000000000000000000000000000
10000000000000000000000000000000
10000000000000000000000000000000
10000000000000000000000000000000
10000000000000000000000000000000
10000000000000000000000000000000
10000000000000000000000000000000
10000000000000000000000000000000
10000000000000000000000000000000
10000000000000000000000000000000
10000000000000000000000000000000
10000000000000000000000000000000
10000000000000000000000000000000
10000000000000000000000000000000
10000000000000000000000000000000
10000000000000000000000000000000
10000000000000000000000000000000
10000000000000000000000000000000
10000000000000000000000000000000
10000000000000000000000000000000
10000000000000000000000000000000
10000000000000000000000000000000
10000000000000000000000000000000
10000000000000000000000000000000
10000000000000000000000000000000
10000000000000000000000000000000
10000000000000000000000000000000
10000000000000000000000000000000
10000000000000000000000000000000
10000000000000000000000000000000
10000000000000000000000000000000
10000000000000000000000000000000
10000000000000000000000000000000
10000000000000000000000000000000
10000000000000000000000000000000
10000000000000000000000000000000
10000000000000000000000000000000
10000000000000000000000000000000
10000000000000000000000000000000
10000000000000000000000000000000
10000000000000000000000000000000
10000000000000000000000000000000
10000000000000000000000000000000
10000000000000000000000000000000
10000000000000000000000000000000
10000000000000000000000000000000
10000000000000000000000000000000
10000000000000000000000000000000
10000000000000000000000000000000
10000000000000000000000000000000
10000000000000000000000000000000
10000000000000000000000000000000
10000000000000000000000000000000
10000000000000000000000000000000
10000000000000000000000000000000
10000000000000000000000000000000
10000000000000000000000000000000
10000000000000000000000000000000
10000000000000000000000000000000
10000000000000000000000000000000
10000000000000000000000000000000
10000000000000000000000000000000
10000000000000000000000000000000
10000000000000000000000000000000
10000000000000000000000000000000
10000000000000000000000000000000
10000000000000000000000000000000
10000000000000000000000000000000
10000000000000000000000000000000
10000000000000000000000000000000
10000000000000000000000000000000
10000000000000000000000000000000
10000000000000000000000000000000
10000000000000000000000000000000
10000000000000000000000000000000
10000000000000000000000000000000
10000000000000000000000000000000
10000000000000000000000000000000
10000000000000000000000000000000
10000000000000000000000000000000
10000000000000000000000000000000
10000000000000000000000000000000
10000000000000000000000000000000
10000000000000000000000000000000
10000000000000000000000000000000
10000000000000000000000000000000
10000000000000000000000000000000
10000000000000000000000000000000
10000000000000000000000000000000
10000000000000000000000000000000
10000000000000000000000000000000
10000000000000000000000000000000
10000000000000000000000000000000
10000000000000000000000000000000
10000000000000000000000000000000
10000000000000000000000000000000
10000000000000000000000000000000
10000000000000000000000000000000
10000000000000000000000000000000
10000000000000000000000000000000
10000000000000000000000000000000
10000000000000000000000000000000
10000000000000000000000000000000
10000000000000000000000000000000
10000000000000000000000000000000
10000000000000000000000000000000
10000000000000000000000000000000
10000000000000000000000000000000
10000000000000000000000000000000
10000000000000000000000000000000
10000000000000000000000000000000
10000000000000000000000000000000
10000000000000000000000000000000
10000000000000000000000000000000
10000000000000000000000000000000
10000000000000000000000000000000
10000000000000000000000000000000
10000000000000000000000000000000
10000000000000000000000000000000
10000000000000000000000000000000
10000000000000000000000000000000
10000000000000000000000000000000
10000000000000000000000000000000
10000000000000000000000000000000
10000000000000000000000000000000
10000000000000000000000000000000
10000000000000000000000000000000
10000000000000000000000000000000
10000000000000000000000000000000
10000000000000000000000000000000
10000000000000000000000000000000
10000000000000000000000000000000
10000000000000000000000000000000
10000000000000000000000000000000
10000000000000000000000000000000
10000000000000000000000000000000
10000000000000000000000000000000
10000000000000000000000000000000
10000000000000000000000000000000
10000000000000000000000000000000
10000000000000000000000000000000
10000000000000000000000000000000
10000000000000000000000000000000
10000000000000000000000000000000
10000000000000000000000000000000
10000000000000000000000000000000
10000000000000000000000000000000
10000000000000000000000000000000
10000000000000000000000000000000
10000000000000000000000000000000
10000000000000000000000000000000
10000000000000000000000000000000
10000000000000000000000000000000
10000000000000000000000000000000
10000000000000000000000000000000
10000000000000000000000000000000
10000000000000000000000000000000
10000000000000000000000000000000
10000000000000000000000000000000
10000000000000000000000000000000
10000000000000000000000000000000
10000000000000000000000000000000
10000000000000000000000000000000
10000000000000000000000000000000
10000000000000000000000000000000
10000000000000000000000000000000
10000000000000000000000000000000
10000000000000000000000000000000
10000000000000000000000000000000
10000000000000000000000000000000
10000000000000000000000000000000
10000000000000000000000000000000
10000000000000000000000000000000
10000000000000000000000000000000
10000000000000000000000000000000
10000000000000000000000000000000
10000000000000000000000000000000
10000000000000000000000000000000
10000000000000000000000000000000
10000000000000000000000000000000
10000000000000000000000000000000
10000000000000000000000000000000
10000000000000000000000000000000
10000000000000000000000000000000
10000000000000000000000000000000
10000000000000000000000000000000
10000000000000000000000000000000
10000000000000000000000000000000
10000000000000000000000000000000
10000000000000000000000000000000
10000000000000000000000000000000
10000000000000000000000000000000
10000000000000000000000000000000
10000000000000000000000000000000
10000000000000000000000000000000
10000000000000000000000000000000
10000000000000000000000000000000
10000000000000000000000000000000
10000000000000000000000000000000
10000000000000000000000000000000
10000000000000000000000000000000
10000000000000000000000000000000
10000000000000000000000000000000
10000000000000000000000000000000
10000000000000000000000000000000
10000000000000000000000000000000
10000000000000000000000000000000
10000000000000000000000000000000
10000000000000000000000000000000
10000000000000000000000000000000
10000000000000000000000000000000
10000000000000000000000000000000
10000000000000000000000000000000
10000000000000000000000000000000
10000000000000000000000000000000
10000000000000000000000000000000
10000000000000000000000000000000
10000000000000000000000000000000
10000000000000000000000000000000
10000000000000000000000000000000
10000000000000000000000000000000
10000000000000000000000000000000
10000000000000000000000000000000
10000000000000000000000000000000
10000000000000000000000000000000
10000000000000000000000000000000
10000000000000000000000000000000
10000000000000000000000000000000
10000000000000000000000000000000
10000000000000000000000000000000
10000000000000000000000000000000
10000000000000000000000000000000
10000000000000000000000000000000
10000000000000000000000000000000
10000000000000000000000000000000
10000000000000000000000000000000
10000000000000000000000000000000
10000000000000000000000000000000
10000000000000000000000000000000
10000000000000000000000000000000
10000000000000000000000000000000
10000000000000000000000000000000
10000000000000000000000000000000
10000000000000000000000000000000
10000000000000000000000000000000
10000000000000000000000000000000
10000000000000000000000000000000
10000000000000000000000000000000
10000000000000000000000000000000
10000000000000000000000000000000
10000000000000000000000000000000
10000000000000000000000000000000
10000000000000000000000000000000
10000000000000000000000000000000
10000000000000000000000000000000
10000000000000000000000000000000
10000000000000000000000000000000
10000000000000000000000000000000
10000000000000000000000000000000
10000000000000000000000000000000
10000000000000000000000000000000
10000000000000000000000000000000
10000000000000000000000000000000
10000000000000000000000000000000
10000000000000000000000000000000
10000000000000000000000000000000
10000000000000000000000000000000
10000000000000000000000000000000
10000000000000000000000000000000
10000000000000000000000000000000
10000000000000000000000000000000
10000000000000000000000000000000
10000000000000000000000000000000
10000000000000000000000000000000
10000000000000000000000000000000
10000000000000000000000000000000
10000000000000000000000000000000
10000000000000000000000000000000
10000000000000000000000000000000
10000000000000000000000000000000
10000000000000000000000000000000
10000000000000000000000000000000
10000000000000000000000000000000
10000000000000000000000000000000
10000000000000000000000000000000
10000000000000000000000000000000
10000000000000000000000000000000
10000000000000000000000000000000
10000000000000000000000000000000
10000000000000000000000000000000
10000000000000000000000000000000
10000000000000000000000000000000
10000000000000000000000000000000
10000000000000000000000000000000
10000000000000000000000000000000
10000000000000000000000000000000
10000000000000000000000000000000
10000000000000000000000000000000
10000000000000000000000000000000
10000000000000000000000000000000
10000000000000000000000000000000
10000000000000000000000000000000
10000000000000000000000000000000
10000000000000000000000000000000
10000000000000000000000000000000
10000000000000000000000000000000
10000000000000000000000000000000
10000000000000000000000000000000
10000000000000000000000000000000
10000000000000000000000000000000
10000000000000000000000000000000
10000000000000000000000000000000
10000000000000000000000000000000
10000000000000000000000000000000
10000000000000000000000000000000
10000000000000000000000000000000
10000000000000000000000000000000
10000000000000000000000000000000
10000000000000000000000000000000
10000000000000000000000000000000
10000000000000000000000000000000
10000000000000000000000000000000
10000000000000000000000000000000
10000000000000000000000000000000
10000000000000000000000000000000
10000000000000000000000000000000
10000000000000000000000000000000
10000000000000000000000000000000
10000000000000000000000000000000
10000000000000000000000000000000
10000000000000000000000000000000
10000000000000000000000000000000
10000000000000000000000000000000
10000000000000000000000000000000
10000000000000000000000000000000
10000000000000000000000000000000
10000000000000000000000000000000
10000000000000000000000000000000
10000000000000000000000000000000
10000000000000000000000000000000
10000000000000000000000000000000
10000000000000000000000000000000
10000000000000000000000000000000
10000000000000000000000000000000
10000000000000000000000000000000
10000000000000000000000000000000
10000000000000000000000000000000
10000000000000000000000000000000
10000000000000000000000000000000
10000000000000000000000000000000
10000000000000000000000000000000
10000000000000000000000000000000
10000000000000000000000000000000
10000000000000000000000000000000
10000000000000000000000000000000
10000000000000000000000000000000
10000000000000000000000000000000
10000000000000000000000000000000
10000000000000000000000000000000
10000000000000000000000000000000
10000000000000000000000000000000
10000000000000000000000000000000
10000000000000000000000000000000
10000000000000000000000000000000
10000000000000000000000000000000
10000000000000000000000000000000
10000000000000000000000000000000
10000000000000000000000000000000
10000000000000000000000000000000
10000000000000000000000000000000
10000000000000000000000000000000
10000000000000000000000000000000
10000000000000000000000000000000
10000000000000000000000000000000
10000000000000000000000000000000
10000000000000000000000000000000
10000000000000000000000000000000
10000000000000000000000000000000
10000000000000000000000000000000
10000000000000000000000000000000
10000000000000000000000000000000
10000000000000000000000000000000
10000000000000000000000000000000
10000000000000000000000000000000
10000000000000000000000000000000
10000000000000000000000000000000
10000000000000000000000000000000
10000000000000000000000000000000
10000000000000000000000000000000
10000000000000000000000000000000
10000000000000000000000000000000
10000000000000000000000000000000
10000000000000000000000000000000
10000000000000000000000000000000
10000000000000000000000000000000
10000000000000000000000000000000
10000000000000000000000000000000
10000000000000000000000000000000
10000000000000000000000000000000
10000000000000000000000000000000
10000000000000000000000000000000
10000000000000000000000000000000
10000000000000000000000000000000
10000000000000000000000000000000
10000000000000000000000000000000
10000000000000000000000000000000
10000000000000000000000000000000
10000000000000000000000000000000
10000000000000000000000000000000
10000000000000000000000000000000
10000000000000000000000000000000
10000000000000000000000000000000
10000000000000000000000000000000
10000000000000000000000000000000
10000000000000000000000000000000
10000000000000000000000000000000
10000000000000000000000000000000
10000000000000000000000000000000
10000000000000000000000000000000
10000000000000000000000000000000
10000000000000000000000000000000
10000000000000000000000000000000
10000000000000000000000000000000
10000000000000000000000000000000
10000000000000000000000000000000