00011100010000
00100100000001
00101000010000
00100000000001
01111110000000
01000100000001
01001000010000
10000000000001
00101000010000
00010100000001
00011000010000
01000100000001
01001000010000
01110100001000
01111010000000
00100100000001
00010000010000
00100100000001
00101000010000
00001100000001
01110010000000
01000100000001
01001000010000
01101100001000
00101000010000
00001000000001
00000100010000
01000100000001
01001000010000
01101000001000
01100110000000
00100100000001
00011100010000
00100100000001
00101000010000
00100000000001
01111110000000
01000100000001
01001000010000
10000000000001
00101000010000
00010100000001
00011000010000
01000100000001
01001000010000
01110100001000
01111010000000
00100100000001
00010000010000
00100100000001
00101000010000
00001100000001
01110010000000
01000100000001
01001000010000
01101100001000
00101000010000
00001000000001
00000100010000
01000100000001
01001000010000
01101000001000
01100110000000
00100100000001
