MEMORY_INITIALIZATION_RADIX=2;
MEMORY_INITIALIZATION_VECTOR=
11111011111001110001001011001011,
11100001101010010000010100011111,
00000011001011101110101001100011,
11111011110111000000110011011001,
11111010111001110001110110111011,
11110101001001000000000000000000,
11101101000110010001100011101110,
00000111101000101111010111011101,
11110011001011100000010001001100,
11110001000101001111101101011101,
00000111110000011111101111110100,
00000001110111010001000110110011,
11101000100111010000001001000111,
00000000110111100001110100001010,
11101011110011100000001011010100,
00010010010000111110010101000001,
00010110101010001111011101110010,
11111111101000100001011001110100,
00010110001011101111101000000000,
11100101000110011110000110111110,
00000000010101101110111111010010,
11100100001011101110010001001100,
11111011011001100001111110011011,
11100110001011100001111000011110,
11101000001000110001001100110111,
00000110001100010000011010000100,
11101110011101110001000011110101,
11100110110110001110101011010101,
11101110000110011111001011000001,
11110110011001000000000110001010,
11111101111100001111011011010011,
11101100111010011110001011101100,
00001000111111000001111011101100,
11111110111010111111110000111111,
00000000010101100000000001000010,
11111000110000111111010010110101;
