00100000001100001111000000000000,
00100000010100010111000000000000,
00100000011100011111000000000000,
00100000100100100111000000000000,
00100000101100001111001000000000,
00100000110100010111001000000000,
00100000111100011111001000000000,
00100001000100100111001000000000,
00100001001100001111010000000000,
00100001010100010111010000000000,
00100001011100011111010000000000,
00100001100100100111010000000000,
00100001101100001111011000000000,
00100001110100010111011000000000,
00100001111100011111011000000000,
00100010000100100111011000000000,
00100010001100001111100000000000,
00100010010100010111100000000000,
00100010011100011111100000000000,
00100010100100100111100000000000,
00100010101100001111101000000000,
00100010110100010111101000000000,
00100010111100011111101000000000,
00100011000100100111101000000000,
00100011001100001111110000000000,
00100011010100010111110000000000,
00100011011100011111110000000000,
00100011100100100111110000000000,
00100011101100001111111000000000,
00100011110100010111111000000000,
00100011111100011111111000000000,
00100100000100100111111000000000,
00000111000000000000000000000000,
00000111001000000000000000000000,
00000111010000000000000000000000,
00000111011000000000000000000000,
00000111100000000000000000000000,
00000111101000000000000000000000,
00000111110000000000000000000000,
00000111111000000000000000000000,
11111111111111111111111111111111,
11111111111111111111111111111111,
11111111111111111111111111111111,
11111111111111111111111111111111,
11111111111111111111111111111111,
11111111111111111111111111111111,
11111111111111111111111111111111,
11111111111111111111111111111111,
11111111111111111111111111111111,
11111111111111111111111111111111,
11111111111111111111111111111111,
11111111111111111111111111111111,
11111111111111111111111111111111,
11111111111111111111111111111111,
11111111111111111111111111111111,
11111111111111111111111111111111,
11111111111111111111111111111111,
11111111111111111111111111111111,
11111111111111111111111111111111,
11111111111111111111111111111111,
11111111111111111111111111111111,
11111111111111111111111111111111,
11111111111111111111111111111111,
11111111111111111111111111111111,
11111111111111111111111111111111,
11111111111111111111111111111111,
11111111111111111111111111111111,
11111111111111111111111111111111,
11111111111111111111111111111111,
11111111111111111111111111111111,
11111111111111111111111111111111,
11111111111111111111111111111111,
11111111111111111111111111111111,
11111111111111111111111111111111,
11111111111111111111111111111111,
11111111111111111111111111111111,
11111111111111111111111111111111,
11111111111111111111111111111111,
11111111111111111111111111111111,
11111111111111111111111111111111,
11111111111111111111111111111111,
11111111111111111111111111111111,
11111111111111111111111111111111,
11111111111111111111111111111111,
11111111111111111111111111111111,
11111111111111111111111111111111,
11111111111111111111111111111111,
11111111111111111111111111111111,
11111111111111111111111111111111,
11111111111111111111111111111111,
11111111111111111111111111111111,
11111111111111111111111111111111,
11111111111111111111111111111111,
11111111111111111111111111111111,
11111111111111111111111111111111,
11111111111111111111111111111111,
11111111111111111111111111111111,
11111111111111111111111111111111,
11111111111111111111111111111111,
11111111111111111111111111111111,
11111111111111111111111111111111,
11111111111111111111111111111111,
11111111111111111111111111111111,
11111111111111111111111111111111,
11111111111111111111111111111111,
11111111111111111111111111111111,
11111111111111111111111111111111,
11111111111111111111111111111111,
11111111111111111111111111111111,
11111111111111111111111111111111,
11111111111111111111111111111111,
11111111111111111111111111111111,
11111111111111111111111111111111,
11111111111111111111111111111111,
11111111111111111111111111111111,
11111111111111111111111111111111,
11111111111111111111111111111111,
11111111111111111111111111111111,
11111111111111111111111111111111,
11111111111111111111111111111111,
11111111111111111111111111111111,
11111111111111111111111111111111,
11111111111111111111111111111111,
11111111111111111111111111111111,
11111111111111111111111111111111,
11111111111111111111111111111111,
11111111111111111111111111111111,
11111111111111111111111111111111,
11111111111111111111111111111111,
11111111111111111111111111111111,
11111111111111111111111111111111,
11111111111111111111111111111111,
11111111111111111111111111111111,
11111111111111111111111111111111,
11111111111111111111111111111111,
11111111111111111111111111111111,
11111111111111111111111111111111,
11111111111111111111111111111111,
11111111111111111111111111111111,
11111111111111111111111111111111,
11111111111111111111111111111111,
11111111111111111111111111111111,
11111111111111111111111111111111,
11111111111111111111111111111111,
11111111111111111111111111111111,
11111111111111111111111111111111,
11111111111111111111111111111111,
11111111111111111111111111111111,
11111111111111111111111111111111,
11111111111111111111111111111111,
11111111111111111111111111111111,
11111111111111111111111111111111,
11111111111111111111111111111111,
11111111111111111111111111111111,
11111111111111111111111111111111,
11111111111111111111111111111111,
11111111111111111111111111111111,
11111111111111111111111111111111,
11111111111111111111111111111111,
11111111111111111111111111111111,
11111111111111111111111111111111,
11111111111111111111111111111111,
11111111111111111111111111111111,
11111111111111111111111111111111,
11111111111111111111111111111111,
11111111111111111111111111111111,
11111111111111111111111111111111,
11111111111111111111111111111111,
11111111111111111111111111111111,
11111111111111111111111111111111,
11111111111111111111111111111111,
11111111111111111111111111111111,
11111111111111111111111111111111,
11111111111111111111111111111111,
11111111111111111111111111111111,
11111111111111111111111111111111,
11111111111111111111111111111111,
11111111111111111111111111111111,
11111111111111111111111111111111,
11111111111111111111111111111111,
11111111111111111111111111111111,
11111111111111111111111111111111,
11111111111111111111111111111111,
11111111111111111111111111111111,
11111111111111111111111111111111,
11111111111111111111111111111111,
11111111111111111111111111111111,
11111111111111111111111111111111,
11111111111111111111111111111111,
11111111111111111111111111111111,
11111111111111111111111111111111,
11111111111111111111111111111111,
11111111111111111111111111111111,
11111111111111111111111111111111,
11111111111111111111111111111111,
11111111111111111111111111111111,
11111111111111111111111111111111,
11111111111111111111111111111111,
11111111111111111111111111111111,
11111111111111111111111111111111,
11111111111111111111111111111111,
11111111111111111111111111111111,
11111111111111111111111111111111,
11111111111111111111111111111111,
11111111111111111111111111111111,
11111111111111111111111111111111,
11111111111111111111111111111111,
11111111111111111111111111111111,
11111111111111111111111111111111,
11111111111111111111111111111111,
11111111111111111111111111111111,
11111111111111111111111111111111,
11111111111111111111111111111111,
11111111111111111111111111111111,
11111111111111111111111111111111,
11111111111111111111111111111111,
11111111111111111111111111111111,
11111111111111111111111111111111,
11111111111111111111111111111111,
11111111111111111111111111111111,
11111111111111111111111111111111,
11111111111111111111111111111111,
11111111111111111111111111111111,
11111111111111111111111111111111,
11111111111111111111111111111111,
11111111111111111111111111111111,
11111111111111111111111111111111,
11111111111111111111111111111111,
11111111111111111111111111111111,
11111111111111111111111111111111,
11111111111111111111111111111111,
11111111111111111111111111111111,
11111111111111111111111111111111,
11111111111111111111111111111111,
11111111111111111111111111111111,
11111111111111111111111111111111,
11111111111111111111111111111111,
11111111111111111111111111111111,
11111111111111111111111111111111,
11111111111111111111111111111111,
11111111111111111111111111111111,
11111111111111111111111111111111,
11111111111111111111111111111111,
11111111111111111111111111111111,
11111111111111111111111111111111,
11111111111111111111111111111111,
11111111111111111111111111111111,
11111111111111111111111111111111,
11111111111111111111111111111111,
11111111111111111111111111111111,
11111111111111111111111111111111,
11111111111111111111111111111111,
11111111111111111111111111111111,
11111111111111111111111111111111,
11111111111111111111111111111111,
11111111111111111111111111111111,
11111111111111111111111111111111,
11111111111111111111111111111111,
11111111111111111111111111111111,
11111111111111111111111111111111,
11111111111111111111111111111111,
11111111111111111111111111111111,
11111111111111111111111111111111,
11111111111111111111111111111111,
11111111111111111111111111111111,
11111111111111111111111111111111,
11111111111111111111111111111111,
11111111111111111111111111111111,
11111111111111111111111111111111,
11111111111111111111111111111111,
11111111111111111111111111111111,
11111111111111111111111111111111,
11111111111111111111111111111111,
11111111111111111111111111111111,
11111111111111111111111111111111,
11111111111111111111111111111111,
11111111111111111111111111111111,
11111111111111111111111111111111,
11111111111111111111111111111111,
11111111111111111111111111111111,
11111111111111111111111111111111,
11111111111111111111111111111111,
11111111111111111111111111111111,
11111111111111111111111111111111,
11111111111111111111111111111111,
11111111111111111111111111111111,
11111111111111111111111111111111,
11111111111111111111111111111111,
11111111111111111111111111111111,
11111111111111111111111111111111,
11111111111111111111111111111111,
11111111111111111111111111111111,
11111111111111111111111111111111,
11111111111111111111111111111111,
11111111111111111111111111111111,
11111111111111111111111111111111,
11111111111111111111111111111111,
11111111111111111111111111111111,
11111111111111111111111111111111,
11111111111111111111111111111111,
11111111111111111111111111111111,
11111111111111111111111111111111,
11111111111111111111111111111111,
11111111111111111111111111111111,
11111111111111111111111111111111,
11111111111111111111111111111111,
11111111111111111111111111111111,
11111111111111111111111111111111,
11111111111111111111111111111111,
11111111111111111111111111111111,
11111111111111111111111111111111,
11111111111111111111111111111111,
11111111111111111111111111111111,
11111111111111111111111111111111,
11111111111111111111111111111111,
11111111111111111111111111111111,
11111111111111111111111111111111,
11111111111111111111111111111111,
11111111111111111111111111111111,
11111111111111111111111111111111,
11111111111111111111111111111111,
11111111111111111111111111111111,
11111111111111111111111111111111,
11111111111111111111111111111111,
11111111111111111111111111111111,
11111111111111111111111111111111,
11111111111111111111111111111111,
11111111111111111111111111111111,
11111111111111111111111111111111,
11111111111111111111111111111111,
11111111111111111111111111111111,
11111111111111111111111111111111,
11111111111111111111111111111111,
11111111111111111111111111111111,
11111111111111111111111111111111,
11111111111111111111111111111111,
11111111111111111111111111111111,
11111111111111111111111111111111,
11111111111111111111111111111111,
11111111111111111111111111111111,
11111111111111111111111111111111,
11111111111111111111111111111111,
11111111111111111111111111111111,
11111111111111111111111111111111,
11111111111111111111111111111111,
11111111111111111111111111111111,
11111111111111111111111111111111,
11111111111111111111111111111111,
11111111111111111111111111111111,
11111111111111111111111111111111,
11111111111111111111111111111111,
11111111111111111111111111111111,
11111111111111111111111111111111,
11111111111111111111111111111111,
11111111111111111111111111111111,
11111111111111111111111111111111,
11111111111111111111111111111111,
11111111111111111111111111111111,
11111111111111111111111111111111,
11111111111111111111111111111111,
11111111111111111111111111111111,
11111111111111111111111111111111,
11111111111111111111111111111111,
11111111111111111111111111111111,
11111111111111111111111111111111,
11111111111111111111111111111111,
11111111111111111111111111111111,
11111111111111111111111111111111,
11111111111111111111111111111111,
11111111111111111111111111111111,
11111111111111111111111111111111,
11111111111111111111111111111111,
11111111111111111111111111111111,
11111111111111111111111111111111,
11111111111111111111111111111111,
11111111111111111111111111111111,
11111111111111111111111111111111,
11111111111111111111111111111111,
11111111111111111111111111111111,
11111111111111111111111111111111,
11111111111111111111111111111111,
11111111111111111111111111111111,
11111111111111111111111111111111,
11111111111111111111111111111111,
11111111111111111111111111111111,
11111111111111111111111111111111,
11111111111111111111111111111111,
11111111111111111111111111111111,
11111111111111111111111111111111,
11111111111111111111111111111111,
11111111111111111111111111111111,
11111111111111111111111111111111,
11111111111111111111111111111111,
11111111111111111111111111111111,
11111111111111111111111111111111,
11111111111111111111111111111111,
11111111111111111111111111111111,
11111111111111111111111111111111,
11111111111111111111111111111111,
11111111111111111111111111111111,
11111111111111111111111111111111,
11111111111111111111111111111111,
11111111111111111111111111111111,
11111111111111111111111111111111,
11111111111111111111111111111111,
11111111111111111111111111111111,
11111111111111111111111111111111,
11111111111111111111111111111111,
11111111111111111111111111111111,
11111111111111111111111111111111,
11111111111111111111111111111111,
11111111111111111111111111111111,
11111111111111111111111111111111,
11111111111111111111111111111111,
11111111111111111111111111111111,
11111111111111111111111111111111,
11111111111111111111111111111111,
11111111111111111111111111111111,
11111111111111111111111111111111,
11111111111111111111111111111111,
11111111111111111111111111111111,
11111111111111111111111111111111,
11111111111111111111111111111111,
11111111111111111111111111111111,
11111111111111111111111111111111,
11111111111111111111111111111111,
11111111111111111111111111111111,
11111111111111111111111111111111,
11111111111111111111111111111111,
11111111111111111111111111111111,
11111111111111111111111111111111,
11111111111111111111111111111111,
11111111111111111111111111111111,
11111111111111111111111111111111,
11111111111111111111111111111111,
11111111111111111111111111111111,
11111111111111111111111111111111,
11111111111111111111111111111111,
11111111111111111111111111111111,
11111111111111111111111111111111,
11111111111111111111111111111111,
11111111111111111111111111111111,
11111111111111111111111111111111,
11111111111111111111111111111111,
11111111111111111111111111111111,
11111111111111111111111111111111,
11111111111111111111111111111111,
11111111111111111111111111111111,
11111111111111111111111111111111,
11111111111111111111111111111111,
11111111111111111111111111111111,
11111111111111111111111111111111,
11111111111111111111111111111111,
11111111111111111111111111111111,
11111111111111111111111111111111,
11111111111111111111111111111111,
11111111111111111111111111111111,
11111111111111111111111111111111,
11111111111111111111111111111111,
11111111111111111111111111111111,
11111111111111111111111111111111,
11111111111111111111111111111111,
11111111111111111111111111111111,
11111111111111111111111111111111,
11111111111111111111111111111111,
11111111111111111111111111111111,
11111111111111111111111111111111,
11111111111111111111111111111111,
11111111111111111111111111111111,
11111111111111111111111111111111,
11111111111111111111111111111111,
11111111111111111111111111111111,
11111111111111111111111111111111,
11111111111111111111111111111111,
11111111111111111111111111111111,
11111111111111111111111111111111,
11111111111111111111111111111111,
11111111111111111111111111111111,
11111111111111111111111111111111,
11111111111111111111111111111111,
11111111111111111111111111111111,
11111111111111111111111111111111,
11111111111111111111111111111111,
11111111111111111111111111111111,
11111111111111111111111111111111,
11111111111111111111111111111111,
11111111111111111111111111111111,
11111111111111111111111111111111,
11111111111111111111111111111111,
11111111111111111111111111111111,
11111111111111111111111111111111,
11111111111111111111111111111111,
11111111111111111111111111111111,
11111111111111111111111111111111,
11111111111111111111111111111111,
11111111111111111111111111111111,
11111111111111111111111111111111,
11111111111111111111111111111111,
11111111111111111111111111111111,
11111111111111111111111111111111,
11111111111111111111111111111111,
11111111111111111111111111111111,
11111111111111111111111111111111,
11111111111111111111111111111111,
11111111111111111111111111111111,
11111111111111111111111111111111,
11111111111111111111111111111111,
11111111111111111111111111111111,
11111111111111111111111111111111,
11111111111111111111111111111111,
11111111111111111111111111111111,
11111111111111111111111111111111,
11111111111111111111111111111111,
11111111111111111111111111111111,
11111111111111111111111111111111,
11111111111111111111111111111111,
11111111111111111111111111111111,
11111111111111111111111111111111,
11111111111111111111111111111111,
11111111111111111111111111111111,
11111111111111111111111111111111,
11111111111111111111111111111111,
11111111111111111111111111111111,
11111111111111111111111111111111,
11111111111111111111111111111111,
11111111111111111111111111111111,
11111111111111111111111111111111,
11111111111111111111111111111111,
11111111111111111111111111111111,
11111111111111111111111111111111,
11111111111111111111111111111111,
11111111111111111111111111111111,
11111111111111111111111111111111,
11111111111111111111111111111111,
11111111111111111111111111111111,
11111111111111111111111111111111,
11111111111111111111111111111111,
11111111111111111111111111111111,
11111111111111111111111111111111,
11111111111111111111111111111111,
11111111111111111111111111111111,
11111111111111111111111111111111,
11111111111111111111111111111111,
11111111111111111111111111111111,
11111111111111111111111111111111,
11111111111111111111111111111111,
11111111111111111111111111111111,
11111111111111111111111111111111,
11111111111111111111111111111111,
11111111111111111111111111111111,
11111111111111111111111111111111,
11111111111111111111111111111111,
11111111111111111111111111111111,
11111111111111111111111111111111,
11111111111111111111111111111111,
11111111111111111111111111111111,
11111111111111111111111111111111,
11111111111111111111111111111111,
11111111111111111111111111111111,
11111111111111111111111111111111,
11111111111111111111111111111111,
11111111111111111111111111111111,
11111111111111111111111111111111,
11111111111111111111111111111111,
11111111111111111111111111111111,
11111111111111111111111111111111,
11111111111111111111111111111111,
11111111111111111111111111111111,
11111111111111111111111111111111,
11111111111111111111111111111111,
11111111111111111111111111111111,
11111111111111111111111111111111,
11111111111111111111111111111111,
11111111111111111111111111111111,
11111111111111111111111111111111,
11111111111111111111111111111111,
11111111111111111111111111111111,
11111111111111111111111111111111,
11111111111111111111111111111111,
11111111111111111111111111111111,
11111111111111111111111111111111,
11111111111111111111111111111111,
11111111111111111111111111111111,
11111111111111111111111111111111,
11111111111111111111111111111111,
11111111111111111111111111111111,
11111111111111111111111111111111,
11111111111111111111111111111111,
11111111111111111111111111111111,
11111111111111111111111111111111,
11111111111111111111111111111111,
11111111111111111111111111111111,
11111111111111111111111111111111,
11111111111111111111111111111111,
11111111111111111111111111111111,
11111111111111111111111111111111,
11111111111111111111111111111111,
11111111111111111111111111111111,
11111111111111111111111111111111,
11111111111111111111111111111111,
11111111111111111111111111111111,
11111111111111111111111111111111,
11111111111111111111111111111111,
11111111111111111111111111111111,
11111111111111111111111111111111,
11111111111111111111111111111111,
11111111111111111111111111111111,
11111111111111111111111111111111,
11111111111111111111111111111111,
11111111111111111111111111111111,
11111111111111111111111111111111,
11111111111111111111111111111111,
11111111111111111111111111111111,
11111111111111111111111111111111,
11111111111111111111111111111111,
11111111111111111111111111111111,
11111111111111111111111111111111,
11111111111111111111111111111111,
11111111111111111111111111111111,
11111111111111111111111111111111,
11111111111111111111111111111111,
11111111111111111111111111111111,
11111111111111111111111111111111,
11111111111111111111111111111111,
11111111111111111111111111111111,
11111111111111111111111111111111,
11111111111111111111111111111111,
11111111111111111111111111111111,
11111111111111111111111111111111,
11111111111111111111111111111111,
11111111111111111111111111111111,
11111111111111111111111111111111,
11111111111111111111111111111111,
11111111111111111111111111111111,
11111111111111111111111111111111,
11111111111111111111111111111111,
11111111111111111111111111111111,
11111111111111111111111111111111,
11111111111111111111111111111111,
11111111111111111111111111111111,
11111111111111111111111111111111,
11111111111111111111111111111111,
11111111111111111111111111111111,
11111111111111111111111111111111,
11111111111111111111111111111111,
11111111111111111111111111111111,
11111111111111111111111111111111,
11111111111111111111111111111111,
11111111111111111111111111111111,
11111111111111111111111111111111,
11111111111111111111111111111111,
11111111111111111111111111111111,
11111111111111111111111111111111,
11111111111111111111111111111111,
11111111111111111111111111111111,
11111111111111111111111111111111,
11111111111111111111111111111111,
11111111111111111111111111111111,
11111111111111111111111111111111,
11111111111111111111111111111111,
11111111111111111111111111111111,
11111111111111111111111111111111,
11111111111111111111111111111111,
11111111111111111111111111111111,
11111111111111111111111111111111,
11111111111111111111111111111111,
11111111111111111111111111111111,
11111111111111111111111111111111,
11111111111111111111111111111111,
11111111111111111111111111111111,
11111111111111111111111111111111,
11111111111111111111111111111111,
11111111111111111111111111111111,
11111111111111111111111111111111,
11111111111111111111111111111111,
11111111111111111111111111111111,
11111111111111111111111111111111,
11111111111111111111111111111111,
11111111111111111111111111111111,
11111111111111111111111111111111,
11111111111111111111111111111111,
11111111111111111111111111111111,
11111111111111111111111111111111,
11111111111111111111111111111111,
11111111111111111111111111111111,
11111111111111111111111111111111,
11111111111111111111111111111111,
11111111111111111111111111111111,
11111111111111111111111111111111,
11111111111111111111111111111111,
11111111111111111111111111111111,
11111111111111111111111111111111,
11111111111111111111111111111111,
11111111111111111111111111111111,
11111111111111111111111111111111,
11111111111111111111111111111111,
11111111111111111111111111111111,
11111111111111111111111111111111,
11111111111111111111111111111111,
11111111111111111111111111111111,
11111111111111111111111111111111,
11111111111111111111111111111111,
11111111111111111111111111111111,
11111111111111111111111111111111,
11111111111111111111111111111111,
11111111111111111111111111111111,
11111111111111111111111111111111,
11111111111111111111111111111111,
11111111111111111111111111111111,
11111111111111111111111111111111,
11111111111111111111111111111111,
11111111111111111111111111111111,
11111111111111111111111111111111,
11111111111111111111111111111111,
11111111111111111111111111111111,
11111111111111111111111111111111,
11111111111111111111111111111111,
11111111111111111111111111111111,
11111111111111111111111111111111,
11111111111111111111111111111111,
11111111111111111111111111111111,
11111111111111111111111111111111,
11111111111111111111111111111111,
11111111111111111111111111111111,
11111111111111111111111111111111,
11111111111111111111111111111111,
11111111111111111111111111111111,
11111111111111111111111111111111,
11111111111111111111111111111111,
11111111111111111111111111111111,
11111111111111111111111111111111,
11111111111111111111111111111111,
11111111111111111111111111111111,
11111111111111111111111111111111,
11111111111111111111111111111111,
11111111111111111111111111111111,
11111111111111111111111111111111,
11111111111111111111111111111111,
11111111111111111111111111111111,
11111111111111111111111111111111,
11111111111111111111111111111111,
11111111111111111111111111111111,
11111111111111111111111111111111,
11111111111111111111111111111111,
11111111111111111111111111111111,
11111111111111111111111111111111,
11111111111111111111111111111111,
11111111111111111111111111111111,
11111111111111111111111111111111,
11111111111111111111111111111111,
11111111111111111111111111111111,
11111111111111111111111111111111,
11111111111111111111111111111111,
11111111111111111111111111111111,
11111111111111111111111111111111,
11111111111111111111111111111111,
11111111111111111111111111111111,
11111111111111111111111111111111,
11111111111111111111111111111111,
11111111111111111111111111111111,
11111111111111111111111111111111,
11111111111111111111111111111111,
11111111111111111111111111111111,
11111111111111111111111111111111,
11111111111111111111111111111111,
11111111111111111111111111111111,
11111111111111111111111111111111,
11111111111111111111111111111111,
11111111111111111111111111111111,
11111111111111111111111111111111,
11111111111111111111111111111111,
11111111111111111111111111111111,
11111111111111111111111111111111,
11111111111111111111111111111111,
11111111111111111111111111111111,
11111111111111111111111111111111,
11111111111111111111111111111111,
11111111111111111111111111111111,
11111111111111111111111111111111,
11111111111111111111111111111111,
11111111111111111111111111111111,
11111111111111111111111111111111,
11111111111111111111111111111111,
11111111111111111111111111111111,
11111111111111111111111111111111,
11111111111111111111111111111111,
11111111111111111111111111111111,
11111111111111111111111111111111,
11111111111111111111111111111111,
11111111111111111111111111111111,
11111111111111111111111111111111,
11111111111111111111111111111111,
11111111111111111111111111111111,
11111111111111111111111111111111,
11111111111111111111111111111111,
11111111111111111111111111111111,
11111111111111111111111111111111,
11111111111111111111111111111111,
11111111111111111111111111111111,
11111111111111111111111111111111,
11111111111111111111111111111111,
11111111111111111111111111111111,
11111111111111111111111111111111,
11111111111111111111111111111111,
11111111111111111111111111111111,
11111111111111111111111111111111,
11111111111111111111111111111111,
11111111111111111111111111111111,
11111111111111111111111111111111,
11111111111111111111111111111111,
11111111111111111111111111111111,
11111111111111111111111111111111,
11111111111111111111111111111111,
11111111111111111111111111111111,
11111111111111111111111111111111,
11111111111111111111111111111111,
11111111111111111111111111111111,
11111111111111111111111111111111,
11111111111111111111111111111111,
11111111111111111111111111111111,
11111111111111111111111111111111,
11111111111111111111111111111111,
11111111111111111111111111111111,
11111111111111111111111111111111,
11111111111111111111111111111111,
11111111111111111111111111111111,
11111111111111111111111111111111,
11111111111111111111111111111111,
11111111111111111111111111111111,
11111111111111111111111111111111,
11111111111111111111111111111111,
11111111111111111111111111111111,
11111111111111111111111111111111,
11111111111111111111111111111111,
11111111111111111111111111111111,
11111111111111111111111111111111,
11111111111111111111111111111111,
11111111111111111111111111111111,
11111111111111111111111111111111,
11111111111111111111111111111111,
11111111111111111111111111111111,
11111111111111111111111111111111,
11111111111111111111111111111111,
11111111111111111111111111111111,
11111111111111111111111111111111,
11111111111111111111111111111111,
11111111111111111111111111111111,
11111111111111111111111111111111,
11111111111111111111111111111111,
11111111111111111111111111111111,
11111111111111111111111111111111,
11111111111111111111111111111111,
11111111111111111111111111111111,
11111111111111111111111111111111,
11111111111111111111111111111111,
11111111111111111111111111111111,
11111111111111111111111111111111,
11111111111111111111111111111111,
11111111111111111111111111111111,
11111111111111111111111111111111,
11111111111111111111111111111111,
11111111111111111111111111111111,
11111111111111111111111111111111,
11111111111111111111111111111111,
11111111111111111111111111111111,
11111111111111111111111111111111,
11111111111111111111111111111111,
11111111111111111111111111111111,
11111111111111111111111111111111,
11111111111111111111111111111111,
11111111111111111111111111111111,
11111111111111111111111111111111,
11111111111111111111111111111111,
11111111111111111111111111111111,
11111111111111111111111111111111,
11111111111111111111111111111111,
11111111111111111111111111111111,
11111111111111111111111111111111,
11111111111111111111111111111111,
11111111111111111111111111111111,
11111111111111111111111111111111,
11111111111111111111111111111111,
11111111111111111111111111111111,
11111111111111111111111111111111,
11111111111111111111111111111111,
11111111111111111111111111111111,
11111111111111111111111111111111,
11111111111111111111111111111111,
11111111111111111111111111111111,
11111111111111111111111111111111,
11111111111111111111111111111111,
11111111111111111111111111111111,
11111111111111111111111111111111,
11111111111111111111111111111111,
11111111111111111111111111111111,
11111111111111111111111111111111,
11111111111111111111111111111111,
11111111111111111111111111111111,
11111111111111111111111111111111,
11111111111111111111111111111111,
11111111111111111111111111111111,
11111111111111111111111111111111,
11111111111111111111111111111111,
11111111111111111111111111111111,
11111111111111111111111111111111,
11111111111111111111111111111111,
11111111111111111111111111111111,
11111111111111111111111111111111,
11111111111111111111111111111111,
11111111111111111111111111111111,
11111111111111111111111111111111,
11111111111111111111111111111111,
11111111111111111111111111111111,
11111111111111111111111111111111,
11111111111111111111111111111111,
11111111111111111111111111111111,
11111111111111111111111111111111,
11111111111111111111111111111111,
11111111111111111111111111111111,
11111111111111111111111111111111,
11111111111111111111111111111111,
11111111111111111111111111111111,
11111111111111111111111111111111,
11111111111111111111111111111111,
11111111111111111111111111111111,
11111111111111111111111111111111,
11111111111111111111111111111111,
11111111111111111111111111111111,
11111111111111111111111111111111,
11111111111111111111111111111111,
11111111111111111111111111111111,
11111111111111111111111111111111,
11111111111111111111111111111111,
11111111111111111111111111111111,
11111111111111111111111111111111,
11111111111111111111111111111111,
11111111111111111111111111111111,
11111111111111111111111111111111,
11111111111111111111111111111111,
11111111111111111111111111111111,
11111111111111111111111111111111,
11111111111111111111111111111111,
11111111111111111111111111111111,
11111111111111111111111111111111,
11111111111111111111111111111111,
11111111111111111111111111111111,
11111111111111111111111111111111,
11111111111111111111111111111111,
11111111111111111111111111111111,
11111111111111111111111111111111,
11111111111111111111111111111111,
11111111111111111111111111111111,
11111111111111111111111111111111,
11111111111111111111111111111111,
11111111111111111111111111111111,
11111111111111111111111111111111,
11111111111111111111111111111111,
11111111111111111111111111111111,
11111111111111111111111111111111,
11111111111111111111111111111111,
11111111111111111111111111111111,
11111111111111111111111111111111,
11111111111111111111111111111111,
11111111111111111111111111111111,
11111111111111111111111111111111,
11111111111111111111111111111111,
11111111111111111111111111111111,
11111111111111111111111111111111,
11111111111111111111111111111111,
11111111111111111111111111111111,
11111111111111111111111111111111,
11111111111111111111111111111111,
11111111111111111111111111111111,
11111111111111111111111111111111,
11111111111111111111111111111111,
11111111111111111111111111111111,
11111111111111111111111111111111,
11111111111111111111111111111111,
11111111111111111111111111111111,
11111111111111111111111111111111,
11111111111111111111111111111111,
11111111111111111111111111111111,
11111111111111111111111111111111,
11111111111111111111111111111111,
11111111111111111111111111111111,
11111111111111111111111111111111,
11111111111111111111111111111111,
11111111111111111111111111111111,
11111111111111111111111111111111,
11111111111111111111111111111111,
11111111111111111111111111111111,
11111111111111111111111111111111,
11111111111111111111111111111111,
11111111111111111111111111111111,
11111111111111111111111111111111,
11111111111111111111111111111111,
11111111111111111111111111111111,
11111111111111111111111111111111,
11111111111111111111111111111111,
11111111111111111111111111111111,
11111111111111111111111111111111,
11111111111111111111111111111111,
11111111111111111111111111111111,
11111111111111111111111111111111,
11111111111111111111111111111111,
11111111111111111111111111111111,
11111111111111111111111111111111,
11111111111111111111111111111111,
11111111111111111111111111111111,
11111111111111111111111111111111,
11111111111111111111111111111111,
11111111111111111111111111111111,
11111111111111111111111111111111,
11111111111111111111111111111111,
11111111111111111111111111111111,
11111111111111111111111111111111,
11111111111111111111111111111111,
11111111111111111111111111111111,
11111111111111111111111111111111,
11111111111111111111111111111111,
11111111111111111111111111111111,
11111111111111111111111111111111,
11111111111111111111111111111111,
11111111111111111111111111111111;